0 22 64 60 65535 65535 50 78 30 50 42 92 81 65535 62 60 61 41 65535 65535 65535 72 65535 65535 
22 0 42 41 30 31 28 56 14 28 22 70 61 71 40 40 39 65535 36 65535 65535 50 65535 75 
64 42 0 41 30 20 14 14 44 14 22 28 20 30 11 31 65535 65535 65535 65535 65535 10 65535 65535 
60 41 41 0 65535 50 65535 50 30 36 65535 60 65535 65535 30 10 36 65535 65535 65535 65535 65535 65535 65535 
65535 30 30 65535 0 36 22 65535 65535 22 28 65535 65535 65535 20 65535 65535 50 20 65535 65535 65535 46 61 
65535 31 20 50 36 0 14 65535 65535 65535 65535 65535 65535 65535 65535 65535 65535 65535 65535 65535 65535 65535 65535 65535 
50 28 14 65535 22 14 0 28 31 0 10 42 65535 65535 65535 28 11 31 10 65535 65535 22 46 47 
78 56 14 50 65535 65535 28 0 58 28 36 14 11 65535 65535 40 18 65535 65535 65535 65535 65535 26 20 
30 14 44 30 65535 65535 31 58 0 65535 30 65535 65535 65535 65535 31 40 44 65535 65535 77 65535 68 78 
50 28 14 36 22 65535 0 28 65535 0 10 42 33 43 15 28 11 31 10 36 54 22 46 65535 
42 22 22 65535 28 65535 10 36 30 10 0 50 39 65535 65535 36 20 22 65535 44 65535 31 65535 53 
92 70 28 60 65535 65535 42 14 65535 42 50 0 15 13 33 50 65535 65535 65535 10 61 65535 25 11 
81 61 20 65535 65535 65535 65535 11 65535 33 39 15 0 26 30 50 65535 49 65535 18 65535 65535 65535 65535 
65535 71 30 65535 65535 65535 65535 65535 65535 43 65535 13 26 0 31 65535 65535 69 65535 9 65535 65535 11 65535 
62 40 11 30 20 65535 65535 65535 65535 15 65535 33 30 31 0 65535 7 65535 5 25 63 11 65535 65535 
60 40 31 10 65535 65535 28 40 31 28 36 50 50 65535 65535 0 65535 65535 65535 41 82 65535 39 65535 
61 39 65535 36 65535 65535 11 18 40 11 20 65535 65535 65535 7 65535 0 65535 5 25 56 65535 35 65535 
41 65535 65535 65535 50 65535 31 65535 44 31 22 65535 49 69 65535 65535 65535 0 41 60 35 65535 65535 65535 
65535 36 65535 65535 20 65535 10 65535 65535 10 65535 65535 65535 65535 5 65535 5 41 0 65535 60 14 36 65535 
65535 65535 65535 65535 65535 65535 65535 65535 65535 36 44 10 18 9 25 41 25 60 65535 0 65 65535 18 65535 
65535 65535 65535 65535 65535 65535 65535 65535 77 54 65535 61 65535 65535 63 82 56 35 60 65 0 61 82 65535 
72 50 10 65535 65535 65535 22 65535 65535 22 31 65535 65535 65535 11 65535 65535 65535 14 65535 61 0 25 65535 
65535 65535 65535 65535 46 65535 46 26 68 46 65535 25 65535 11 65535 39 35 65535 36 18 82 25 0 65535 
65535 75 65535 65535 61 65535 47 20 78 65535 53 11 65535 65535 65535 65535 65535 65535 65535 65535 65535 65535 65535 0 
